66,5
66,4
66,3
66,2
66,1
66,0
65,3
65,2
65,1
65,0
64,3
64,2
64,1
64,0
63,4
63,3
63,2
63,1
63,0
62,4
62,3
62,2
62,1
62,0
60,3
60,2
60,1
60,0
59,3
59,2
59,1
59,0
58,3
58,2
58,1
58,0
57,3
57,2
57,1
57,0
56,3
56,2
56,1
56,0
55,15
55,14
55,13
55,12
55,11
55,10
55,9
55,8
55,7
55,6
55,5
55,4
55,3
55,2
55,1
55,0
54,9
54,8
54,7
54,6
54,5
54,4
54,3
54,2
54,1
54,0
53,6
53,5
53,4
53,3
53,2
53,1
53,0
52,5
52,4
52,3
52,2
52,1
52,0
27,3
27,2
27,1
27,0
4,3
4,1
4,0
2,6
2,5
2,4
2,3
2,2
2,1
2,0
1,3
1,1
1,0
0,440
0,437
0,410
0,322
0,243
0,9
0,310
0,305
0,308
0,304
0,303
0,302
0,307
0,12
0,392
0,10
0,8
0,0
0,421
0,300
0,420
0,299
0,419
0,298
0,393
0,297
0,418
0,296
0,417
0,295
0,416
0,294
0,415
0,293
0,434
0,292
0,414
0,291
0,413
0,290
0,412
0,289
0,411
0,288
0,409
0,287
0,408
0,286
0,433
0,285
0,407
0,284
0,406
0,283
0,405
0,282
0,404
0,281
0,403
0,280
0,402
0,279
0,432
0,278
0,401
0,277
0,400
0,276
0,399
0,275
0,398
0,274
0,397
67,0
67,1
67,3
67,4
67,6
67,7
68,1
68,3
69,0
69,2
69,3
70,1
70,3
71,0
71,2
71,3
72,1
72,2
72,4
73,1
73,2
74,0
74,1
74,3
74,5
74,6
74,8
74,9
74,11
74,12
74,14
74,16
74,17
74,19
74,20
74,22
74,24
74,25
74,27
74,28
74,30
74,31
74,33
74,35
74,64
75,0
75,1
75,3
75,5
76,0
76,2
76,3
77,1
77,3
77,4
78,1
78,2
79,0
79,1
79,3
80,1
80,2
80,4
81,0
81,2
81,4
82,0
82,2
82,3
83,0
83,1
83,3
84,1
84,2
85,0
85,1
85,3
86,1
86,2
87,0
87,1
87,3
88,0
88,2
89,0
89,1
89,3
90,0
90,2
91,0
91,1
91,3
91,4
92,1
92,3
93,0
93,2
93,3
94,1
94,2
94,4
94,3
94,0
93,1
92,2
92,0
91,2
90,3
90,1
89,2
88,3
88,1
87,2
86,3
86,0
85,2
84,3
84,0
83,2
82,4
82,1
81,3
81,1
80,3
80,0
79,2
78,3
78,0
77,2
77,0
76,1
75,4
75,2
74,65
74,34
74,32
74,29
74,26
74,23
74,21
74,18
74,15
74,13
74,10
74,7
74,4
74,2
73,3
73,0
72,3
72,0
71,1
70,2
70,0
69,1
68,2
68,0
67,5
67,2
0,273
0,396
0,272
0,431
0,271
0,395
0,270
0,394
0,269
0,391
0,268
0,390
0,267
0,425
0,266
0,389
0,265
0,388
0,264
0,387
0,263
0,386
0,262
0,385
0,261
0,384
0,260
0,383
0,259
0,382
0,258
0,381
0,257
0,439
0,256
0,380
0,255
0,379
0,254
0,378
0,253
0,377
0,252
0,430
0,251
0,376
0,250
0,375
0,249
0,374
0,248
0,373
0,247
0,438
0,246
0,372
0,245
0,371
0,244
0,370
0,242
0,369
0,241
0,368
0,240
0,367
0,239
0,429
0,238
0,366
0,237
0,365
0,236
0,364
0,235
0,363
0,234
0,362
0,233
0,361
0,232
0,428
0,231
0,360
0,230
0,359
0,229
0,358
0,228
0,357
0,227
0,356
0,226
0,355
0,225
0,427
0,224
0,354
0,223
0,353
0,222
0,352
0,221
0,351
0,220
0,426
0,219
0,350
0,218
0,349
0,217
0,348
0,216
0,347
0,215
0,346
0,214
0,345
0,213
0,436
0,212
0,344
0,211
0,343
0,210
0,342
0,209
0,341
0,208
0,340
0,207
0,339
0,206
0,424
0,205
0,338
0,204
0,337
0,203
0,336
0,202
0,335
0,201
0,334
0,200
0,333
0,199
0,332
0,198
0,423
0,197
0,331
0,196
0,330
0,195
0,329
0,194
0,328
0,193
0,327
0,192
0,326
0,63
0,325
0,62
0,435
0,61
0,324
0,60
0,323
0,59
0,321
0,58
0,320
0,57
0,422
0,56
0,319
0,55
0,318
0,54
0,317
0,53
0,316
0,52
0,315
0,51
0,314
0,50
0,313
0,49
0,312
0,48
0,311
0,47
0,309
0,46
0,306
0,45
0,301
0,6
0,5
0,1
0,11
0,4
0,2
0,3
0,7
